AssMesBegin
3

PartListBegin
PartBegin
安装基准件
0
0
TRANSLATIONAL
CURRENT
SMatrixBegin
0.999635   -4.06184e-005   0.0270205   0
-0.000432692   0.999847   0.0175106   0
-0.0270171   -0.0175159   0.999482   0
31.1791   -19.2355   0.0224037   1
EMatrixBegin
0.999635   -4.06184e-005   0.0270205   0
-0.000432692   0.999847   0.0175106   0
-0.0270171   -0.0175159   0.999482   0
31.1791   -19.2355   0.0224037   1
DIPAN.ive
PartEnd
PartBegin
安装基准件
0
1
TRANSLATIONAL
CURRENT
SMatrixBegin
0.784585   0.619193   0.0320435   0
0.619433   -0.785044   0.0029844   0
0.0270035   0.017507   -0.999482   0
27.7469   -21.4699   127.288   1
EMatrixBegin
-0.190577   0.981599   0.0120434   0
0.9813   0.190152   0.0298605   0
0.0270211   0.0175089   -0.999482   0
30.4024   -19.7387   29.0076   1
LIANJIE.ive
PartEnd
PartBegin
安装基准件
1
2
TRANSLATIONAL
CURRENT
SMatrixBegin
-0.838795   -0.543494   -0.0321948   0
-0.543776   0.83923   8.36637e-006   0
0.0270139   0.0175135   -0.999482   0
35.896   -37.1989   180.359   1
EMatrixBegin
-0.838803   -0.543482   -0.0321848   0
-0.543764   0.839238   9.11428e-006   0
0.0270054   0.0175083   -0.999482   0
40.1828   -34.4192   22.0078   1
GUDINGD.ive
PartEnd



PartListEnd